0.0000 0.4145 0.7572 0.1000 0.1000
0.0000 0.6201 0.7572 0.1000 0.1000
0.0000 0.8257 0.7572 0.1000 0.1000
1.0000 0.2208 0.6410 0.1000 0.1000
1.0000 0.2208 0.5203 0.1000 0.1000
1.0000 0.2208 0.3996 0.1000 0.1000
1.0000 0.2208 0.2790 0.1000 0.1000
1.0000 0.2208 0.1583 0.1000 0.1000
6.0000 0.4132 0.3900 0.0500 0.0500
6.0000 0.9198 0.2930 0.0500 0.0500
6.0000 0.6457 0.7298 0.0500 0.0500
6.0000 0.3773 0.4566 0.0500 0.0500
6.0000 0.5149 0.7144 0.0500 0.0500
6.0000 0.7831 0.4462 0.0500 0.0500
6.0000 0.2541 0.5109 0.0500 0.0500
6.0000 0.7282 0.6470 0.0500 0.0500
6.0000 0.8964 0.5252 0.0500 0.0500
6.0000 0.6764 0.6350 0.0500 0.0500
6.0000 0.3769 0.5355 0.0500 0.0500
6.0000 0.9071 0.4110 0.0500 0.0500
6.0000 0.6425 0.6866 0.0500 0.0500
6.0000 0.5472 0.7250 0.0500 0.0500
6.0000 0.8150 0.1829 0.0500 0.0500
