0.0000 0.4984 0.7572 0.1000 0.1000
0.0000 0.7775 0.7572 0.1000 0.1000
1.0000 0.2208 0.7385 0.1000 0.1000
1.0000 0.2208 0.5852 0.1000 0.1000
1.0000 0.2208 0.4319 0.1000 0.1000
1.0000 0.2208 0.2786 0.1000 0.1000
8.0000 0.3931 0.6246 0.0500 0.0500
8.0000 0.5429 0.5382 0.0500 0.0500
8.0000 0.8600 0.6174 0.0500 0.0500
8.0000 0.2662 0.5222 0.0500 0.0500
8.0000 0.5440 0.6511 0.0500 0.0500
8.0000 0.3942 0.4274 0.0500 0.0500
8.0000 0.6855 0.5167 0.0500 0.0500
8.0000 0.7203 0.3427 0.0500 0.0500
8.0000 0.4712 0.5863 0.0500 0.0500
8.0000 0.7882 0.5349 0.0500 0.0500
8.0000 0.8067 0.7029 0.0500 0.0500
8.0000 0.7148 0.1829 0.0500 0.0500
8.0000 0.7069 0.6500 0.0500 0.0500
8.0000 0.7739 0.4329 0.0500 0.0500
8.0000 0.7052 0.5993 0.0500 0.0500
8.0000 0.9198 0.3955 0.0500 0.0500
8.0000 0.5115 0.5841 0.0500 0.0500
8.0000 0.3671 0.1868 0.0500 0.0500
8.0000 0.4582 0.2127 0.0500 0.0500
8.0000 0.3297 0.7026 0.0500 0.0500
8.0000 0.2541 0.3067 0.0500 0.0500
8.0000 0.4175 0.3045 0.0500 0.0500
8.0000 0.3007 0.4712 0.0500 0.0500
8.0000 0.4192 0.4808 0.0500 0.0500
8.0000 0.4574 0.3508 0.0500 0.0500
8.0000 0.4683 0.6273 0.0500 0.0500
8.0000 0.6516 0.4631 0.0500 0.0500
8.0000 0.7527 0.4538 0.0500 0.0500
8.0000 0.6604 0.7298 0.0500 0.0500
