0.0000 0.2055 0.8900 0.1000 0.1000
0.0000 0.3991 0.8900 0.1000 0.1000
0.0000 0.5928 0.8900 0.1000 0.1000
0.0000 0.7864 0.8900 0.1000 0.1000
1.0000 0.1250 0.8575 0.1000 0.1000
1.0000 0.1250 0.6053 0.1000 0.1000
1.0000 0.1250 0.3530 0.1000 0.1000
6.0000 0.4971 0.8550 0.0500 0.0500
6.0000 0.4896 0.4464 0.0500 0.0500
6.0000 0.4055 0.3568 0.0500 0.0500
6.0000 0.4303 0.8197 0.0500 0.0500
6.0000 0.8648 0.1550 0.0500 0.0500
6.0000 0.2905 0.3530 0.0500 0.0500
6.0000 0.1682 0.4186 0.0500 0.0500
6.0000 0.2568 0.3530 0.0500 0.0500
6.0000 0.3397 0.7919 0.0500 0.0500
6.0000 0.1602 0.3429 0.0500 0.0500
6.0000 0.2950 0.6557 0.0500 0.0500
6.0000 0.1935 0.3152 0.0500 0.0500
6.0000 0.7552 0.7301 0.0500 0.0500
