0.0000 0.1542 0.8900 0.1000 0.1000
0.0000 0.3369 0.8900 0.1000 0.1000
0.0000 0.5196 0.8900 0.1000 0.1000
0.0000 0.7023 0.8900 0.1000 0.1000
0.0000 0.8850 0.8900 0.1000 0.1000
1.0000 0.1250 0.8696 0.1000 0.1000
1.0000 0.1250 0.7141 0.1000 0.1000
1.0000 0.1250 0.5586 0.1000 0.1000
1.0000 0.1250 0.4031 0.1000 0.1000
1.0000 0.1250 0.2476 0.1000 0.1000
7.0000 0.5082 0.2118 0.0500 0.0500
7.0000 0.4500 0.8550 0.0500 0.0500
7.0000 0.2708 0.4393 0.0500 0.0500
7.0000 0.1895 0.6325 0.0500 0.0500
7.0000 0.4595 0.3855 0.0500 0.0500
7.0000 0.4538 0.5819 0.0500 0.0500
7.0000 0.5956 0.6392 0.0500 0.0500
7.0000 0.2478 0.1550 0.0500 0.0500
7.0000 0.5582 0.3998 0.0500 0.0500
7.0000 0.3724 0.7517 0.0500 0.0500
7.0000 0.5209 0.7768 0.0500 0.0500
7.0000 0.3973 0.4820 0.0500 0.0500
7.0000 0.2012 0.7322 0.0500 0.0500
7.0000 0.4519 0.2522 0.0500 0.0500
7.0000 0.8648 0.4976 0.0500 0.0500
7.0000 0.5773 0.6948 0.0500 0.0500
7.0000 0.1850 0.4366 0.0500 0.0500
7.0000 0.4060 0.2448 0.0500 0.0500
7.0000 0.1602 0.4562 0.0500 0.0500
7.0000 0.6031 0.4625 0.0500 0.0500
7.0000 0.5776 0.7091 0.0500 0.0500
7.0000 0.3939 0.5256 0.0500 0.0500
7.0000 0.6377 0.5107 0.0500 0.0500
7.0000 0.2122 0.6695 0.0500 0.0500
7.0000 0.5766 0.5059 0.0500 0.0500
7.0000 0.5205 0.5155 0.0500 0.0500
7.0000 0.8607 0.8309 0.0500 0.0500
7.0000 0.5498 0.7630 0.0500 0.0500
7.0000 0.7084 0.2161 0.0500 0.0500
7.0000 0.2494 0.7794 0.0500 0.0500
7.0000 0.2529 0.1887 0.0500 0.0500
7.0000 0.6230 0.2057 0.0500 0.0500
