0.0000 0.3129 0.8900 0.1000 0.1000
0.0000 0.5540 0.8900 0.1000 0.1000
0.0000 0.7951 0.8900 0.1000 0.1000
1.0000 0.1250 0.8726 0.1000 0.1000
1.0000 0.1250 0.7372 0.1000 0.1000
1.0000 0.1250 0.6017 0.1000 0.1000
1.0000 0.1250 0.4663 0.1000 0.1000
1.0000 0.1250 0.3308 0.1000 0.1000
1.0000 0.1250 0.1954 0.1000 0.1000
3.0000 0.8648 0.5917 0.0500 0.0500
3.0000 0.3305 0.5781 0.0500 0.0500
3.0000 0.3110 0.7177 0.0500 0.0500
3.0000 0.5654 0.7832 0.0500 0.0500
3.0000 0.7967 0.6215 0.0500 0.0500
3.0000 0.5610 0.1550 0.0500 0.0500
3.0000 0.1602 0.7206 0.0500 0.0500
3.0000 0.6970 0.6044 0.0500 0.0500
3.0000 0.3658 0.5911 0.0500 0.0500
3.0000 0.5064 0.6391 0.0500 0.0500
3.0000 0.8360 0.6697 0.0500 0.0500
3.0000 0.6127 0.8550 0.0500 0.0500
3.0000 0.3077 0.4159 0.0500 0.0500
3.0000 0.2969 0.4031 0.0500 0.0500
