0.0000 0.2110 0.8900 0.1000 0.1000
0.0000 0.4000 0.8900 0.1000 0.1000
0.0000 0.5891 0.8900 0.1000 0.1000
0.0000 0.7781 0.8900 0.1000 0.1000
1.0000 0.1250 0.7153 0.1000 0.1000
1.0000 0.1250 0.5334 0.1000 0.1000
1.0000 0.1250 0.3515 0.1000 0.1000
1.0000 0.1250 0.1696 0.1000 0.1000
5.0000 0.7300 0.4535 0.0500 0.0500
5.0000 0.7494 0.8219 0.0500 0.0500
5.0000 0.8183 0.7251 0.0500 0.0500
5.0000 0.4495 0.4346 0.0500 0.0500
5.0000 0.7540 0.5989 0.0500 0.0500
5.0000 0.1602 0.6882 0.0500 0.0500
5.0000 0.3264 0.5652 0.0500 0.0500
5.0000 0.3378 0.5226 0.0500 0.0500
5.0000 0.7173 0.7042 0.0500 0.0500
5.0000 0.6557 0.2349 0.0500 0.0500
5.0000 0.8648 0.6845 0.0500 0.0500
5.0000 0.5185 0.3220 0.0500 0.0500
5.0000 0.3913 0.7511 0.0500 0.0500
5.0000 0.2150 0.4992 0.0500 0.0500
5.0000 0.7950 0.4926 0.0500 0.0500
5.0000 0.2060 0.1550 0.0500 0.0500
5.0000 0.8569 0.2487 0.0500 0.0500
5.0000 0.6768 0.3516 0.0500 0.0500
5.0000 0.4087 0.4924 0.0500 0.0500
5.0000 0.6445 0.8550 0.0500 0.0500
5.0000 0.2332 0.3597 0.0500 0.0500
5.0000 0.2577 0.6758 0.0500 0.0500
